# id	left	top	right	bottom	texture_id
[SPRITES]
#blank brick
300000	372	117	387	132	20

#dirt brick
310000	408	225	423	240	20

#glass brick
320001	300	135	315	150	20
320002	318	135	333	150	20
320003	336	135	351	150	20
320004	354	135	369	150	20

#quest brick
330001	300	117	315	133	20
330002	318	117	333	133	20
330003	336	117	351	133	20
330004	354	117	369	133	20

#Else
350000	790	237	879	368	21
350001	87	197	102	212	21
350002	744	389	775	411	21
350003	783	389	830	411	21
350004	834	388	897	411	21
350005	243	660	720	899	10
350006	302	268	327	293	20
350007	714	1041	917	1142	21
350008	0	0	319	239	30



# ani_id	sprite1_id	time1	sprite2_id	time2	...
[ANIMATIONS]
10000	310000	1000
10001	320001	1000	320002	100	320003	100	320004	100
10002	330001	1000	330002	100	330003	100	330004	100
10003	300000	1000
10004	350000	1000
10005	350001	1000
10006	350002	1000
10007	350003	1000
10008	350004	1000
10009	350005	1000
10010	350006	1000
10011	350007	1000
10012	350008	1000