# id	left	top	right	bottom	texture_id
[SPRITES]
#WALK-Left
34001	6	129	21	155	10
34002	28	129	43	155	10

#WALK-Right
34003	938	129	953	155	10
34004	916	129	931	155	10

#STUNNED
35001	50	135	65	154	10

#REVIVE
36001	69	135	88	154	10
36002	70	135	89	154	10
36003	71	135	90	154	10 

#FLY (LEFT - RIGHT)
37001	93	128	108	155	10
37002	114	128	129	155	10
37003	135	128	150	155	10
37004	157	128	172	155	10

37005	851	128	866	155	10
37006	830	128	845	155	10
37007	809	128	824	155	10
37008	787	128	802	155	10


# ani_id	sprite1_id	time1	sprite2_id	time2	...
[ANIMATIONS]
5003	34001	100	34002	100
5004	34003	100	34004	100
5005	35001	100
5006	36002	100	36003	100
5007	37001	100	37002	100	37001	100	37004	100	37001	100	37002	100	37003	100
5008	37005	100	37006	100	37005	100	37008	100	37005	100	37006	100	37007	100