# id	left	top	right	bottom	texture_id
[SPRITES]
#COIN
40001	303	99	312	114	20
40002	321	99	330	114	20
40003	338	99	347	114	20

#MUSHROOM
40004	300	189	315	204	20

#LEAF & INVISIBLE
40005	300	207	315	222	20
40006	318	207	333	222	20

#STAR
40008	354	189	369	204	20
40009	372	189	387	204	20
40010	390	189	405	204	20

40011	354	207	369	222	20

#INVISIBLE
999999999	0	0	1	1	20

# ani_id	sprite1_id	time1	sprite2_id	time2	...
[ANIMATIONS]
#COIN
11000	40001	300	40002	300	40003	300

#MUSHROOM
11001	40004	100

#LEAF
11002	40005	100
11003	40006	100

#STAR
11004	40008	300	40009	300	40010	300
11005	40011	100

#INVISIBLE
999999999	999999999	100