# id	left	top	right	bottom	texture_id
[SPRITES]
#####  BIG ###############
#IDLE
11121	246	154	259	181	0
11111	186	154	199	181	0

#WALKING RIGHT
11222	275	154	290	181	0
11223	304	154	321	181	0

#WALKING LEFT
11212	155	154	170	181	0
11213	125	154	140	181	0

#RUNNING RIGHT
11321	334	154	355	181	0
11322	334	154	355	181	0
11323	392	154	413	181	0

#RUNNING LEFT
11311	91	154	112	181	0
11312	65	154	86	181	0
11313	34	154	55	181	0

#JUMP WALK RIGHT
11417	395	275	412	302	0
11413	35	275	52	302	0

#JUMP RUN RIGHT & LEFT
11427	394	195	413	222	0
11423	35	195	52	222	0

#SIT RIGHT & LEFT 
11521	426	239	441	256	0
11511	5	239	20	256	0

#BRACE RIGHT & LEFT 
11621	425	154	442	181	0
11611	5	154	22	181	0

#DIE
13001	215	120	234	137	0

############ SMALL ################
 #IDLE
12121	247	0	260	15	0
12111	187	0	200	15	0

#WALK RIGHT
12222	275	0	292	15	0
12223	306	0	321	15	0

#WALK LEFT
12212	155	0	170	15	0
12213	125	0	140	15	0

#RUN RIGHT
12321	275	0	290	15	0
12322	306	0	321	15	0
12323	335	0	350	15	0

#RUN LEFT
12311	155	0	170	15	0
12312	125	0	140	15	0
12313	95	0	110	15	0

#BRACE RIGHT & LEFT
12511	6	0	19	15	0
12521	426	0	439	15	0

#JUMP WALK RIGHT & LEFT 
12413	35	80	50	95	0
12417	395	80	410	95	0

#JUMP RUN RIGHT & LEFT 
12423	65	40	80	55	0
12427	365	40	380	55	0

#####  RACCOON ###############
#IDLE
13121	243	634	270	661	0
13111	175	634	202	661	0

#WALKING RIGHT
13222	272	634	299	661	0
13223	301	634	328	661	0

#WALKING LEFT
13212	146	634	173	661	0
13213	117	634	144	661	0

#RUNNING RIGHT
13321	331	634	358	661	0
13322	360	634	387	661	0
13323	389	634	416	661	0

#RUNNING LEFT
13311	87	634	114	661	0
13312	58	634	85	661	0
13313	29	634	56	661	0

#JUMP WALK RIGHT & LEFT
13417	392	754	419	781	0
13413	26	754	53	781	0

#JUMP RUN RIGHT & LEFT
13427	361	754	388	781	0
13423	57	754	84	781	0

#SIT RIGHT & LEFT 
13521	392	719	419	736	0
13511	26	719	53	736	0

#BRACE RIGHT & LEFT 
13621	425	633	440	662	0
13611	5	633	20	662	0

#######################################################
#######################################################
#######################################################
# ani_id	sprite1_id	time1	sprite2_id	time2	...
[ANIMATIONS]
400	11121	100
401	11111	100

#WALKING RIGHT & LEFT 
500	11121	100	11222	100	11223	100
501	11111	100	11212	100	11213	100

#RUNNING RIGHT & LEFT
600	11321	50	11322	50	11323	50
601	11311	50	11312	50	11313	50

#JUMP WALK
700	11417	100
701	11413	100

#JUMP RUN
800	11427	100
801	11423	100

#SIT RIGHT & LEFT 
900	11521	100
901	11511	100

#BRACE RIGHT & LEFT 
1000	11621	100
1001	11611	100

#DIE
999	13001	100

################### SMALL #################
1100	12121	100
1102	12111	100


#WALK LEFT & RIGHT 
1200	12121	100	12222	100	12223	100
1201	12111	100	12212	100	12213	100

#RUN LEFT & RIGHT
1300	12321	100	12322	100	12323	100
1301	12311	100	12312	100	12313	100

#BRACE LEFT & RIGHT
1401	12511	100
1400	12521	100

#JUMP WALK
1500	12417	100
1501	12413	100

#JUMP RUN 
1601	12423	100
1600	12427	100

################### RACCOON #################
1103	13121	100
1104	13111	100

#WALKING RIGHT & LEFT 
1203	13121	100	13222	100	13223	100
1204	13111	100	13212	100	13213	100

#RUNNING RIGHT & LEFT
1303	13321	50	13322	50	13323	50
1304	13311	50	13312	50	13313	50

#BRACE RIGHT & LEFT 
1403	13621	100
1404	13611	100

#JUMP WALK
1503	13417	100
1504	13413	100

#JUMP RUN
1603	13427	100
1604	13423	100

#SIT RIGHT & LEFT 
1703	13521	100
1704	13511	100
