# list of object assets to load in this scene
[ASSETS]
mario.txt
brick.txt
iItems.txt

eGoomba.txt
eKoopa.txt
eFirePlant.txt
eBitePlant.txt

platform.txt
#
[OBJECTS]
# type	x	y	extra_settings per object type
# type: 0 = Mario , 1 = Brick, 2 = Goomba, 3 = Koopas

# MARIO
10	144	160


###Platform & SIMILAR###
#Wall...
44	8	8	16	16	8	24	55555	55555	55555	55555	55555	55555	55555	55555	55555
44	392	8	16	16	10	24	55555	55555	55555	55555	55555	55555	55555	55555	55555

#Stair
44	264	328	16	16	16	3	55555	55555	55555	55555	55555	55555	55555	55555	55555
44	280	312	16	16	16	3	55555	55555	55555	55555	55555	55555	55555	55555	55555
44	296	296	16	16	16	3	55555	55555	55555	55555	55555	55555	55555	55555	55555
44	312	280	16	16	16	3	55555	55555	55555	55555	55555	55555	55555	55555	55555
44	328	264	16	16	16	3	55555	55555	55555	55555	55555	55555	55555	55555	55555
44	344	248	16	16	16	3	55555	55555	55555	55555	55555	55555	55555	55555	55555

#Floor & roof
44	8	344	16	16	32	3	55555	55555	55555	55555	55555	55555	55555	55555	55555
44	168	8	16	16	12	12	55555	55555	55555	55555	55555	55555	55555	55555	55555

#Pipe
44	136	8	16	16	2	13	440007	440008	440009	440004	440005	440006	440001	440002	440003
44	360	8	16	16	2	13	440007	440008	440009	440004	440005	440006	440001	440002	440003
35	370	220	0
50	370	190	400	200	22



###COIN (Disappear-able)###
20	216	224

20	232	208
20	248	208

20	264	224
20	264	240

20	232	256
20	248	256

20	264	272
20	264	288

20	232	304
20	248	304

20	216	288



#Portal 
50	8	100	330	140	10

