# list of object assets to load in this scene
[ASSETS]
mario.txt
brick.txt
iItems.txt

eGoomba.txt
eKoopa.txt
eFirePlant.txt
eBitePlant.txt

platform.txt
#
[OBJECTS]
# type	x	y	extra_settings per object type
# type: 0 = Mario , 1 = Brick, 2 = Goomba, 3 = Koopas

# MARIO
10	40	20

35	272	112
35	224	136
35	176	120
35	128	136


###Platform & SIMILAR 2###
#Unseen-Wall...
44	0	0	16	16	1	13	300000	300000	300000	300000	300000	300000	300000	300000	300000
#999999999	999999999	999999999	999999999	999999999	999999999	999999999	999999999	999999999

44	320	0	16	16	1	13	300000	300000	300000	300000	300000	300000	300000	300000	300000
#999999999	999999999	999999999	999999999	999999999	999999999	999999999	999999999	999999999

44	0	0	16	16	20	1	300000	300000	300000	300000	300000	300000	300000	300000	300000
#999999999	999999999	999999999	999999999	999999999	999999999	999999999	999999999	999999999

#GreenPipe...
44	264	128	16	16	2	10	440001	440002	440003	440004	440005	440006	440007	440008	440009	1
44	216	152	16	16	2	10	440001	440002	440003	440004	440005	440006	440007	440008	440009	1
44	168	136	16	16	2	10	440001	440002	440003	440004	440005	440006	440007	440008	440009	0
44	120	152	16	16	2	10	440001	440002	440003	440004	440005	440006	440007	440008	440009	1

#Big-Dirt...
45	0	184	16	16	40	2	450001	450002	450003	450004	450005	450006	450007	450008	450009

#Portal 
50	272	175	292	180	10
50	224	175	244	180	10
50	176	175	196	180	10
50	128	175	148	180	10

50	0	200	10000	210	10


