# id	left	top	right	bottom	texture_id
[SPRITES]
#blank brick
300000	372	117	387	132	20

#dirt brick
310000	408	225	423	240	20

#glass brick
320001	300	135	315	150	20
320002	318	135	333	150	20
320003	336	135	351	150	20
320004	354	135	369	150	20

#quest brick
330001	300	117	315	133	20
330002	318	117	333	133	20
330003	336	117	351	133	20
330004	354	117	369	133	20

#INVISIBLE
340000	0	0	1	1	20


# ani_id	sprite1_id	time1	sprite2_id	time2	...
[ANIMATIONS]
10000	340000	1000
10001	310000	1000
10002	320001	1000	320002	100	320003	100	320004	100
10003	330001	1000	330002	100	330003	100	330004	100
10004	300000	1000