# id	left	top	right	bottom	texture_id
[SPRITES]
#WALK-Goomba
31001	4	13	22	30	10
31002	24	13	42	30	10

#DIE-Goomba
32001	44	19	62	30	10

#FLY-Goomba
33001	64	6	83	33	10
33002	87	6	106	33	10
33003	110	6	129	33	10
33004	134	6	153	33	10

#WALK-Koopa-Left
34001	6	129	21	155	10
34002	28	129	43	155	10

#WALK-Koopa-Right
34003	938	129	953	155	10
34004	916	129	931	155	10

#STUNNED-Koopa
35001	50	139	65	154	10

#REVIVE-Koopa
36001	69	139	88	154	10
36002	70	139	89	154	10
36003	71	139	90	154	10 

#FLY-Koopa
37001	64	6	83	33	10
37002	87	6	106	33	10
37003	110	6	129	33	10
37004	134	6	153	33	10

# ani_id	sprite1_id	time1	sprite2_id	time2	...
[ANIMATIONS]
#GOOMBA
5000	31001	100	31002	100
5001	32001	100
5002	33001	100	33002	100	33001	100	33004	100	33001	100	33002	100	33003	100

#KOOPA
5003	34001	100	34002	100
5004	34003	100	34004	100
5005	35001	100
5006	36002	100	36003	100